#(carId,StartTime,RoadId...)
(10000 , 0 , 5024 , 5025 , 5031 , 5042 , 5053)
(10001 , 4 , 5030 , 5041 , 5052)
(10002 , 8 , 5016 , 5027 , 5038 , 5049)
(10003 , 12 , 5011 , 5012 , 5013 , 5019 , 5030 , 5041 , 5052)
(10004 , 16 , 5001 , 5002 , 5008 , 5019 , 5030)
(10005 , 20 , 5006 , 5017 , 5028)
(10006 , 24 , 5001 , 5007 , 5018 , 5029)
(10007 , 28 , 5001 , 5002 , 5003 , 5009 , 5020 , 5031)
(10008 , 32 , 5005 , 5016 , 5027 , 5038 , 5049)
(10009 , 36 , 5012 , 5013 , 5014 , 5015 , 5021 , 5032 , 5043)
(10010 , 40 , 5001 , 5007 , 5018 , 5029 , 5040 , 5051)
(10011 , 44 , 5029 , 5040 , 5051)
(10012 , 48 , 5001 , 5007 , 5018 , 5029)
(10013 , 52 , 5015 , 5020 , 5031 , 5042 , 5053)
(10014 , 56 , 5025 , 5026 , 5032 , 5043 , 5054)
(10015 , 60 , 5000 , 5001 , 5002 , 5008 , 5019 , 5030 , 5041)
(10016 , 64 , 5000 , 5001 , 5002 , 5008 , 5019 , 5030)
(10017 , 68 , 5012 , 5017 , 5028 , 5039 , 5050)
(10018 , 72 , 5027 , 5038 , 5049)
(10019 , 76 , 5024 , 5025 , 5031 , 5042 , 5053)
(10020 , 80 , 5003 , 5002 , 5007 , 5018 , 5029 , 5040)
(10021 , 84 , 5015 , 5020 , 5031 , 5042 , 5053)
(10022 , 88 , 5003 , 5004 , 5010 , 5021 , 5032 , 5043)
(10023 , 92 , 5001 , 5007 , 5018 , 5029)
(10024 , 96 , 5003 , 5002 , 5001 , 5000 , 5005 , 5016 , 5027 , 5038)
(10025 , 100 , 5025 , 5031 , 5042 , 5053)
(10026 , 104 , 5011 , 5017 , 5028 , 5039)
(10027 , 108 , 5032 , 5043 , 5054)
(10028 , 112 , 5003 , 5009 , 5020 , 5031 , 5042 , 5053)
(10029 , 116 , 5032 , 5043 , 5054)
(10030 , 120 , 5006 , 5017 , 5028 , 5039)
(10031 , 124 , 5003 , 5002 , 5001 , 5006 , 5017 , 5028 , 5039 , 5050)
(10032 , 128 , 5012 , 5013 , 5019 , 5030 , 5041 , 5052)
(10033 , 132 , 5004 , 5003 , 5002 , 5007 , 5018 , 5029 , 5040 , 5051)
(10034 , 136 , 5001 , 5002 , 5003 , 5009 , 5020 , 5031)
(10035 , 140 , 5005 , 5016 , 5027)
(10036 , 144 , 5011 , 5017 , 5028 , 5039 , 5050)
(10037 , 148 , 5005 , 5016 , 5027)
(10038 , 152 , 5004 , 5009 , 5020 , 5031 , 5042 , 5053)
(10039 , 156 , 5015 , 5021 , 5032 , 5043 , 5054)
(10040 , 160 , 5004 , 5003 , 5002 , 5001 , 5000 , 5005 , 5016 , 5027 , 5038 , 5049)
(10041 , 164 , 5030 , 5041 , 5052)
(10042 , 168 , 5012 , 5011 , 5016 , 5027 , 5038 , 5049)
(10043 , 172 , 5018 , 5029 , 5040)
(10044 , 176 , 5001 , 5002 , 5003 , 5009 , 5020 , 5031)
(10045 , 180 , 5001 , 5002 , 5003 , 5009 , 5020 , 5031 , 5042)
(10046 , 184 , 5000 , 5001 , 5002 , 5008 , 5019 , 5030)
(10047 , 188 , 5030 , 5041 , 5052)
(10048 , 192 , 5005 , 5016 , 5027 , 5038 , 5049)
(10049 , 196 , 5003 , 5009 , 5020 , 5031)
(10050 , 200 , 5024 , 5030 , 5041 , 5052)
(10051 , 204 , 5013 , 5014 , 5015 , 5021 , 5032 , 5043)
(10052 , 208 , 5028 , 5039 , 5050)
(10053 , 212 , 5013 , 5014 , 5015 , 5021 , 5032 , 5043)
(10054 , 216 , 5012 , 5013 , 5014 , 5020 , 5031 , 5042 , 5053)
(10055 , 220 , 5001 , 5002 , 5008 , 5019 , 5030)
(10056 , 224 , 5025 , 5031 , 5042 , 5053)
(10057 , 228 , 5013 , 5012 , 5011 , 5016 , 5027 , 5038 , 5049)
(10058 , 232 , 5003 , 5004 , 5010 , 5021 , 5032)
(10059 , 236 , 5003 , 5009 , 5020 , 5031 , 5042)
(10060 , 240 , 5023 , 5024 , 5025 , 5026 , 5032 , 5043 , 5054)
(10061 , 244 , 5015 , 5014 , 5019 , 5030 , 5041 , 5052)
(10062 , 248 , 5008 , 5019 , 5030)
(10063 , 252 , 5022 , 5023 , 5029 , 5040 , 5051)
(10064 , 256 , 5000 , 5001 , 5002 , 5003 , 5009 , 5020 , 5031)
(10065 , 260 , 5001 , 5000 , 5005 , 5016 , 5027 , 5038 , 5049)
(10066 , 264 , 5011 , 5012 , 5013 , 5014 , 5020 , 5031 , 5042 , 5053)
(10067 , 268 , 5032 , 5043 , 5054)
(10068 , 272 , 5004 , 5003 , 5002 , 5007 , 5018 , 5029 , 5040 , 5051)
(10069 , 276 , 5012 , 5017 , 5028 , 5039 , 5050)
(10070 , 280 , 5025 , 5026 , 5032 , 5043 , 5054)
(10071 , 284 , 5025 , 5031 , 5042 , 5053)
(10072 , 288 , 5001 , 5002 , 5008 , 5019 , 5030 , 5041 , 5052)
(10073 , 292 , 5001 , 5002 , 5003 , 5009 , 5020 , 5031)
(10074 , 296 , 5023 , 5029 , 5040 , 5051)
(10075 , 300 , 5026 , 5032 , 5043 , 5054)
(10076 , 304 , 5001 , 5007 , 5018 , 5029 , 5040 , 5051)
(10077 , 308 , 5007 , 5018 , 5029 , 5040)
(10078 , 312 , 5001 , 5006 , 5017 , 5028 , 5039 , 5050)
(10079 , 316 , 5024 , 5030 , 5041 , 5052)
(10080 , 320 , 5001 , 5002 , 5003 , 5004 , 5010 , 5021 , 5032)
(10081 , 324 , 5013 , 5019 , 5030 , 5041)
(10082 , 328 , 5000 , 5001 , 5007 , 5018 , 5029 , 5040)
(10083 , 332 , 5010 , 5021 , 5032 , 5043 , 5054)
(10084 , 336 , 5014 , 5015 , 5021 , 5032 , 5043)
(10085 , 340 , 5015 , 5014 , 5019 , 5030 , 5041 , 5052)
(10086 , 344 , 5001 , 5000 , 5005 , 5016 , 5027 , 5038)
(10087 , 348 , 5000 , 5001 , 5007 , 5018 , 5029)
(10088 , 352 , 5032 , 5043 , 5054)
(10089 , 356 , 5002 , 5008 , 5019 , 5030)
(10090 , 360 , 5003 , 5009 , 5020 , 5031)
(10091 , 364 , 5009 , 5020 , 5031 , 5042 , 5053)
(10092 , 368 , 5011 , 5012 , 5018 , 5029 , 5040)
(10093 , 372 , 5005 , 5016 , 5027)
(10094 , 376 , 5008 , 5019 , 5030)
(10095 , 380 , 5010 , 5021 , 5032)
(10096 , 384 , 5023 , 5024 , 5030 , 5041 , 5052)
(10097 , 388 , 5023 , 5024 , 5025 , 5031 , 5042 , 5053)
(10098 , 392 , 5021 , 5032 , 5043)
(10099 , 396 , 5021 , 5032 , 5043 , 5054)
(10100 , 400 , 5028 , 5039 , 5050)
(10101 , 404 , 5011 , 5016 , 5027 , 5038 , 5049)
(10102 , 408 , 5006 , 5017 , 5028)
(10103 , 412 , 5000 , 5001 , 5002 , 5003 , 5004 , 5010 , 5021 , 5032 , 5043 , 5054)
(10104 , 416 , 5018 , 5029 , 5040 , 5051)
(10105 , 420 , 5025 , 5026 , 5032 , 5043 , 5054)
(10106 , 424 , 5011 , 5017 , 5028 , 5039)
(10107 , 428 , 5003 , 5002 , 5007 , 5018 , 5029 , 5040 , 5051)
(10108 , 432 , 5016 , 5027 , 5038)
(10109 , 436 , 5028 , 5039 , 5050)
(10110 , 440 , 5015 , 5021 , 5032 , 5043)
(10111 , 444 , 5013 , 5012 , 5017 , 5028 , 5039 , 5050)
(10112 , 448 , 5026 , 5032 , 5043 , 5054)
(10113 , 452 , 5003 , 5002 , 5001 , 5000 , 5005 , 5016 , 5027 , 5038)
(10114 , 456 , 5011 , 5012 , 5013 , 5014 , 5015 , 5021 , 5032 , 5043)
(10115 , 460 , 5006 , 5017 , 5028 , 5039)
(10116 , 464 , 5001 , 5002 , 5008 , 5019 , 5030 , 5041)
(10117 , 468 , 5023 , 5029 , 5040 , 5051)
(10118 , 472 , 5011 , 5017 , 5028 , 5039)
(10119 , 476 , 5000 , 5006 , 5017 , 5028 , 5039)
(10120 , 480 , 5006 , 5017 , 5028)
(10121 , 484 , 5011 , 5012 , 5018 , 5029 , 5040 , 5051)
(10122 , 488 , 5011 , 5016 , 5027 , 5038 , 5049)
(10123 , 492 , 5020 , 5031 , 5042 , 5053)
(10124 , 496 , 5003 , 5008 , 5019 , 5030 , 5041)
(10125 , 500 , 5014 , 5020 , 5031 , 5042 , 5053)
(10126 , 504 , 5009 , 5020 , 5031 , 5042 , 5053)
(10127 , 508 , 5006 , 5017 , 5028)
# the end!!!